菠萝足球2版
node --version
v18.20.6

读取 config/leauge.json ,获取赛事地址，抓取赛事信息
联赛地址：https://zq.titan007.com/cn/League/2025/4.html
杯赛地址：https://zq.titan007.com/cn/CupMatch/2024-2025/103.html
地址中的 4 和 103 是赛事ID
地址中的 2025 和 2024-2025 是赛季年份
赛事ID 对应的赛事名称可以在 config/leauge.json 中查看


sclassId，subSclassId，matchSeason，round 是从 赛事地址抓取网页内容中获取
html代码片段如： <script type="text/javascript">var selectSeason = '2025';var lang = 0;var selectRound = -1; var jh = new Object();var teamHelper = new Object();var SclassID = 4;var SubSclassID = 0; </script><script type="text/javascript"  src="/jsData/matchResult/2025/s4.js?version=2025120919"></script><script type="text/javascript"  src="/jsData/LeagueSeason/sea4.js"></script>

grep "var SubSclassID" league.html 这一行中，可以获取 subSclassId 和 round 信息
sclassId 是赛事ID
matchSeason 是赛季年份

https://zq.titan007.com/League/LeagueOddsAjax?sclassId=4&subSclassId=0&matchSeason=2025&round=37&flesh=0.7467772491136485
是获取联赛赔率的接口

https://zq.titan007.com/jsData/matchResult/2025/s4.js
是获取联赛赛季比赛的接口


https://zq.titan007.com/jsData/matchResult/2025-2026/c103.js?version=2025120919
是获取杯赛赛季比赛的接口

https://zq.titan007.com/jsData/LeagueSeason/sea103.js
是获取杯赛赛季信息的接口

赔率的接口返回的数据格式如下：
oddsData["O_2735075"]=[[16,1.76,3.5,4.2],[18,1.82,3.6,3.95],[70,1.8,3.55,4.5],[80,1.75,3.51,3.73],[81,1.75,3.6,4.4],[82,1.8,3.6,4.4],[88,1.8,3.7,4.4],[90,1.77,3.7,4.2],[104,1.8,3.55,4.3],[115,1.8,3.4,4.2],[177,1.79,3.63,4.38],[255,1.8,3.6,4.4],[281,1.76,3.4,4.2],[422,1.8,3.6,4.5],[432,1.64,3.35,4.4],[474,1.78,3.42,4.03],[499,1.77,3.65,4.15],[517,1.68,3.8,4.65],[545,1.77,3.65,4.15],[649,1.82,3.6,3.95],[659,1.76,3.24,4.04],[976,1.76,3.4,4.4]];oddsData["L_2735075"]=[[1,1.01,0.75,0.77],[3,1,0.75,0.88],[8,0.85,0.5,1],[9,0.75,0.5,0.95],[12,1.02,0.75,0.88],[14,1.02,0.75,0.82],[17,0.9,0.75,0.99],[19,0.75,0.5,0.95],[23,1.01,0.75,0.89],[24,1.03,0.75,0.85],[31,1.11,0.75,0.8],[35,1,0.75,0.88],[42,0.74,0.5,1.02]];oddsData["T_2735075"]=[[1,0.96,2.5,0.76],[3,0.97,2.5,0.89],[4,0.91,2.5,0.8],[8,0.98,2.5,0.88],[9,0.91,2.5,0.8],[12,0.99,2.5,0.89],[14,0.96,2.5,0.85],[17,0.97,2.5,0.9],[19,0.9,2.5,0.8],[22,0.88,2.5,0.79],[23,0.98,2.5,0.9],[24,0.97,2.5,0.89],[31,1,2.5,0.88],[35,0.97,2.5,0.89],[42,0.93,2.5,0.82],[49,0.88,2.5,0.8]];oddsData["O_2735076"]=[[16,1.75,3.65,4.1],[18,1.95,3.6,3.45],[70,1.8,3.8,4.45],[80,1.84,3.4,3.48],[81,1.7,3.6,4.75],[82,1.75,3.8,4.4],[88,1.75,3.7,4.5],[90,2.01,3.6,3.3],[104,1.77,3.75,4.2],[115,1.7,3.6,4.6],[177,1.61,4.05,5.17],[255,1.75,3.8,4.4],[281,1.76,3.4,4.5],[422,1.75,3.8,4.4],[432,1.72,3.5,3.75],[474,1.97,3.27,3.48],[499,1.79,3.65,4.05],[517,2.02,3.6,3.25],[545,1.79,3.65,4.05],[649,1.95,3.6,3.45],[659,1.79,3.21,3.94],[976,1.74,3.7,4.1]];oddsData["L_2735076"]=[[1,0.84,0.5,0.94],[3,1.03,0.75,0.85],[8,0.83,0.5,1.03],[9,0.9,0.75,0.71],[12,1.03,0.5,0.87],[14,0.94,0.75,0.89],[17,1.02,0.5,0.87],[19,0.75,0.5,0.95],[23,1.04,0.75,0.86],[24,1.03,0.5,0.85],[31,0.97,0.5,0.93],[35,1.03,0.75,0.85],[42,0.96,0.75,0.79]];oddsData["T_2735076"]=[[1,0.85,2.5,0.87],[3,0.98,2.5,0.88],[4,0.91,2.5,0.8],[8,0.98,2.5,0.88],[9,0.91,2.5,0.83],[12,0.89,2.5,1],[14,0.94,2.5,0.87],[17,0.84,2.5,1.03],[19,0.9,2.5,0.8],[22,0.88,2.5,0.79],[23,0.99,2.5,0.89],[24,0.93,2.5,0.93],[31,0.9,2.5,0.98],[35,0.98,2.5,0.88],[42,0.92,2.5,0.82],[49,0.88,2.5,0.8]];oddsData["O_2735077"]=[[16,3.95,3.3,1.87],[18,2.31,3.2,2.97],[70,3.15,3.2,2.35],[80,2.22,3.08,2.87],[81,3.13,3.1,2.3],[82,4,3.4,1.91],[88,2.87,3.1,2.6],[90,2.6,3.2,2.7],[104,4,3.4,1.9],[115,3.1,3.1,2.25],[177,4.71,3.58,1.76],[255,4,3.4,1.93],[281,2.5,2.95,2.82],[422,3.2,3.2,2.3],[432,2.22,2.94,2.92],[474,2.33,3.08,2.87],[499,2.71,3.15,2.54],[517,2.25,3.2,3.1],[545,2.71,3.15,2.54],[649,2.31,3.2,2.97],[659,2.63,2.89,2.52],[976,4,3.3,1.87]];oddsData["L_2735077"]=[[1,0.98,0.25,0.8],[3,1.01,0,0.87],[8,0.83,0,1.03],[9,0.53,-0.5,1.38],[12,0.92,0,0.98],[14,0.85,-0.25,0.98],[17,1.02,0.25,0.87],[19,0.8,-0.5,0.9],[23,1.02,0,0.88],[24,1.07,0.25,0.81],[31,1.08,0.25,0.82],[35,0.98,0,0.9],[42,0.86,-0.5,0.88]];oddsData["T_2735077"]=[[1,0.85,2.25,0.87],[3,1.06,2.25,0.8],[4,1.2,2.5,0.6],[8,1.03,2.25,0.83],[9,1.25,2.5,0.57],[12,1.08,2.25,0.8],[14,1.04,2.25,0.79],[17,0.95,2.25,0.92],[19,1.2,2.5,0.6],[22,0.91,2.25,0.76],[23,1.07,2.25,0.81],[24,1,2.25,0.86],[31,0.96,2.25,0.92],[35,1.05,2.25,0.81],[42,0.94,2.25,0.8],[49,1.2,2.5,0.6]];oddsData["O_2735078"]=[[16,1.37,4.4,7.6],[18,1.51,4.15,5.7],[70,1.38,4.6,8.25],[80,1.45,4,5.4],[81,1.36,4.5,8.5],[82,1.4,4.6,7.5],[88,1.48,4.33,7],[90,1.51,4.2,5.6],[104,1.4,4.5,8],[115,1.36,4.33,8],[177,1.38,4.63,7.96],[255,1.42,4.6,7.5],[281,1.49,3.8,6],[422,1.4,4.6,8],[432,1.57,3.6,4.6],[474,1.51,3.81,5.6],[499,1.5,4.15,5.7],[517,1.5,4.2,5.8],[545,1.5,4.15,5.7],[649,1.51,4.15,5.7],[659,1.38,3.96,6.95],[976,1.35,4.5,7.75]];oddsData["L_2735078"]=[[1,0.85,1,0.93],[3,0.9,1,0.98],[8,0.95,1,0.9],[9,1.2,1.5,0.62],[12,0.95,1,0.95],[14,0.92,1.25,0.91],[17,0.94,1,0.95],[19,1.1,1.5,0.65],[23,0.91,1,0.99],[24,0.91,1,0.97],[31,0.98,1,0.92],[35,0.87,1,1.01],[42,0.9,1.25,0.85]];oddsData["T_2735078"]=[[1,0.85,2.5,0.87],[3,0.91,2.5,0.95],[4,0.8,2.5,0.91],[8,0.9,2.5,0.95],[9,0.8,2.5,0.95],[12,0.93,2.5,0.95],[14,0.86,2.5,0.95],[17,0.94,2.5,0.93],[19,0.8,2.5,0.9],[22,0.8,2.5,0.87],[23,0.92,2.5,0.96],[24,0.92,2.5,0.94],[31,0.96,2.5,0.92],[35,0.91,2.5,0.95],[42,0.82,2.5,0.92],[49,0.8,2.5,0.9]];oddsData["O_2735079"]=[[16,1.71,3.5,4.6],[18,1.69,3.75,4.5],[70,1.75,3.5,4.75],[80,1.65,3.65,4.1],[81,1.73,3.5,4.75],[82,1.75,3.6,4.8],[88,1.75,3.6,4.8],[90,1.77,3.6,4.3],[104,1.73,3.55,4.7],[115,1.75,3.4,4.6],[177,1.74,3.62,4.76],[255,1.75,3.6,4.75],[281,1.71,3.4,4.75],[422,1.75,3.6,4.75],[432,1.67,3.35,4.2],[474,1.7,3.51,4.38],[499,1.78,3.55,4.25],[517,1.68,3.8,4.55],[545,1.78,3.55,4.25],[649,1.69,3.75,4.5],[659,1.78,3.12,4.14],[976,1.7,3.5,4.7],[1129,1.67,3.35,4.3]];oddsData["L_2735079"]=[[1,0.85,0.75,0.93],[3,1.02,0.75,0.86],[8,0.98,0.75,0.88],[9,0.73,0.5,1.05],[12,0.98,0.75,0.92],[14,0.91,0.75,0.77],[17,0.96,0.75,0.93],[19,0.7,0.5,1.05],[23,1.03,0.75,0.87],[24,0.81,0.75,1.07],[31,1,0.75,0.9],[35,1.02,0.75,0.86],[42,0.94,0.75,0.8]];oddsData["T_2735079"]=[[1,0.9,2.5,0.82],[3,0.85,2.25,1.01],[4,1,2.5,0.73],[8,0.83,2.25,1.03],[9,1,2.5,0.73],[12,0.84,2.25,1.04],[14,0.77,2.25,0.91],[17,0.97,2.5,0.9],[19,0.95,2.5,0.75],[22,0.73,2.25,0.95],[23,0.86,2.25,1.02],[24,0.98,2.5,0.88],[31,0.99,2.5,0.89],[35,0.85,2.25,1.01],[42,0.78,2.25,0.97],[49,0.98,2.5,0.73]];oddsData["O_2735080"]=[[16,1.73,3.55,4.3],[18,1.77,3.65,4.15],[70,1.72,3.7,4.6],[80,1.7,3.51,3.98],[81,1.73,3.7,4.5],[82,1.8,3.6,4.2],[88,1.75,3.6,4.6],[90,1.77,3.6,4.2],[104,1.77,3.6,4.4],[115,1.75,3.6,4.4],[177,1.83,3.64,4.19],[255,1.82,3.6,4.33],[281,1.61,3.7,5.25],[422,1.77,3.6,4.6],[432,1.54,3.9,4.4],[474,1.72,3.51,4.27],[499,1.72,3.65,4.45],[517,1.79,3.65,4.05],[545,1.72,3.65,4.45],[649,1.77,3.65,4.15],[659,1.72,3.23,4.3],[976,1.76,3.6,4.2]];oddsData["L_2735080"]=[[1,0.95,0.75,0.83],[3,0.94,0.75,0.94],[8,0.9,0.75,0.95],[9,0.73,0.5,1.05],[12,1.02,0.75,0.88],[14,0.99,0.75,0.84],[17,1.04,0.75,0.85],[19,0.75,0.5,0.95],[23,0.95,0.75,0.95],[24,1,0.75,0.88],[31,1.02,0.75,0.88],[35,0.94,0.75,0.94],[42,0.77,0.5,0.98]];oddsData["T_2735080"]=[[1,0.9,2.5,0.82],[3,1.03,2.5,0.83],[4,0.85,2.5,0.85],[8,1.03,2.5,0.83],[9,0.85,2.5,0.85],[12,1.05,2.5,0.83],[14,0.91,2.5,0.9],[17,0.89,2.5,0.98],[19,0.9,2.5,0.8],[22,0.87,2.5,0.8],[23,1.04,2.5,0.84],[24,0.96,2.5,0.9],[31,0.93,2.5,0.95],[35,1.03,2.5,0.83],[42,0.88,2.5,0.86],[49,0.83,2.5,0.85]];oddsData["O_2735081"]=[[16,3.7,3.4,1.9],[18,1.3,5,9],[70,9.5,5.4,1.3],[80,1.3,4.6,7.23],[81,1.3,5,9.5],[82,3.8,3.5,1.95],[88,3.6,3.4,2.05],[90,1.31,4.7,7],[104,3.8,3.5,1.95],[115,1.55,3.75,5.8],[177,4.44,3.56,1.8],[255,3.8,3.5,1.95],[281,1.57,3.7,5.5],[422,3.6,3.4,2.05],[474,1.29,4.85,8.2],[499,1.68,3.75,4.6],[517,1.29,5.1,9.1],[545,1.68,3.75,4.6],[649,8.7,5.1,1.3],[659,1.63,3.35,4.7],[976,3.8,3.5,1.87]];oddsData["L_2735081"]=[[1,1,1.5,0.78],[3,0.88,0.75,1],[8,1.05,1,0.8],[9,1.04,1,0.73],[12,0.74,1.25,1.11],[14,0.98,1.5,0.85],[17,0.92,1.5,1],[19,0.8,-0.5,0.9],[23,0.89,0.75,1.01],[24,0.89,1.25,1],[31,1.05,1.5,0.85],[35,0.82,0.75,1.06],[42,0.86,-0.5,0.88]];oddsData["T_2735081"]=[[1,0.76,2.75,0.96],[3,0.98,2.5,0.88],[4,1,2.5,0.73],[8,0.98,2.5,0.88],[9,0.85,2.5,0.85],[12,0.87,2.75,0.95],[14,0.89,2.75,0.92],[17,0.91,2.75,0.99],[19,0.95,2.5,0.75],[22,0.74,2.25,0.94],[23,0.99,2.5,0.89],[24,0.92,2.5,0.95],[31,1.03,2.75,0.85],[35,0.98,2.5,0.88],[42,0.78,2.25,0.97],[49,0.98,2.5,0.71]];oddsData["O_2735082"]=[[16,1.49,3.7,6.6],[18,1.46,4.25,6.3],[70,1.53,3.9,6.8],[80,1.45,3.95,5.6],[81,1.5,3.9,6.5],[82,1.53,3.9,7],[88,1.53,3.9,7],[90,1.42,4.2,8],[104,1.53,3.8,7],[115,1.53,3.8,6],[177,1.67,4.11,4.52],[255,1.52,3.9,7],[281,2.45,3.2,2.8],[422,1.52,4,6.75],[432,1.45,3.7,5.7],[474,1.46,3.89,6.2],[499,1.51,4.05,5.8],[517,1.41,4.4,7],[545,1.51,4.05,5.8],[649,1.46,4.25,6.3],[659,1.36,3.9,7.5],[976,1.48,3.8,6.75]];oddsData["L_2735082"]=[[1,1.05,1.25,0.73],[3,0.94,1,0.94],[8,0.98,1,0.88],[9,0.82,1,0.78],[12,1.04,1.25,0.86],[14,0.95,1,0.88],[17,0.77,1,1.13],[19,0.85,1,0.85],[23,0.95,1,0.95],[24,1.07,1.25,0.81],[31,0.88,1,1.02],[35,0.85,1,1.03],[42,0.86,1,0.88]];oddsData["T_2735082"]=[[1,0.91,2.5,0.81],[3,1.04,2.5,0.82],[4,0.91,2.5,0.8],[8,1.05,2.5,0.8],[9,0.95,2.5,0.75],[12,0.99,2.5,0.87],[14,1.01,2.5,0.81],[17,1,2.5,0.87],[19,0.95,2.5,0.75],[22,0.91,2.5,0.76],[23,1.05,2.5,0.83],[24,0.98,2.5,0.88],[31,1.03,2.5,0.85],[35,1.01,2.5,0.85],[42,0.97,2.5,0.78],[49,0.93,2.5,0.77]];oddsData["O_2735083"]=[[16,3.15,3.5,2.05],[18,4.45,4,1.65],[70,3.65,3.75,1.95],[80,4.2,3.8,1.61],[81,3.4,3.6,2],[82,3.2,3.6,2.1],[88,3.75,3.7,1.91],[90,4.2,3.9,1.7],[104,3.2,3.6,2.1],[115,3.4,3.5,1.95],[177,2.68,3.46,2.52],[255,3.25,3.6,2.1],[281,4.5,3.9,1.66],[422,3.5,3.6,2],[432,3.45,3.45,1.81],[474,4.24,3.64,1.69],[499,3.8,3.8,1.81],[517,4.45,4,1.65],[545,3.8,3.8,1.81],[649,4.45,4,1.65],[659,4.01,3.48,1.7],[976,3.15,3.6,2.05]];oddsData["L_2735083"]=[[1,0.95,-0.75,0.83],[3,0.84,-0.75,1.04],[8,0.95,-0.75,0.9],[9,0.85,-0.5,0.85],[12,1.06,-0.75,0.84],[14,0.81,-0.5,1.03],[17,0.92,-0.75,0.97],[19,0.7,-0.5,1.05],[23,0.85,-0.75,1.05],[24,1.08,-0.75,0.8],[31,0.92,-0.75,0.98],[35,0.98,-0.75,0.9],[42,0.94,-0.25,0.8]];oddsData["T_2735083"]=[[1,0.83,2.75,0.89],[3,0.96,2.75,0.9],[4,0.73,2.5,1],[8,0.93,2.75,0.93],[9,0.73,2.5,1],[12,0.93,2.75,0.95],[14,0.95,2.75,0.86],[17,0.97,2.75,0.9],[19,0.75,2.5,0.95],[22,0.9,2.75,0.77],[23,0.97,2.75,0.91],[24,0.92,2.75,0.94],[31,0.98,2.75,0.9],[35,0.91,2.75,0.95],[42,0.94,2.75,0.8],[49,0.71,2.5,1]];oddsData["O_2735084"]=[[16,2.15,3.1,3.3],[18,1.9,3.25,4.05],[70,2,3.15,4.05],[80,1.9,3.08,3.62],[81,2,3.13,3.9],[82,2.2,3.2,3.4],[88,1.91,3.25,4.33],[90,1.95,3.2,4],[104,2.2,3.15,3.35],[115,2.05,3,3.8],[177,2.43,3.11,3.07],[255,2.2,3.2,3.4],[281,2.2,3.1,3.4],[422,2.05,3.2,4],[432,1.75,3.2,4],[474,1.91,3.1,3.92],[499,2.01,3.15,3.75],[517,1.89,3.25,4.1],[545,2.01,3.15,3.75],[649,1.9,3.25,4.05],[659,1.95,2.82,3.9],[976,2.15,3,3.4]];oddsData["L_2735084"]=[[1,0.9,0.5,0.88],[3,1.01,0.5,0.87],[8,0.93,0.5,0.93],[9,1,0.5,0.75],[12,0.97,0.5,0.93],[14,1.05,0.5,0.79],[17,0.89,0.5,1],[19,1.1,0.5,0.65],[23,1.02,0.5,0.88],[24,0.94,0.5,0.94],[31,0.91,0.5,0.99],[35,0.95,0.5,0.93],[42,0.82,0.25,0.93]];oddsData["T_2735084"]=[[1,0.69,2,1.03],[3,0.88,2,0.98],[4,1.4,2.5,0.5],[8,0.83,2,1.03],[9,1.38,2.5,0.55],[12,0.78,2,1.11],[14,0.82,2,0.99],[17,0.77,2,1.11],[19,1.4,2.5,0.5],[22,0.78,2,0.89],[23,0.89,2,0.99],[24,0.83,2,1.03],[31,1.09,2.25,0.79],[35,0.86,2,1],[42,0.82,2,0.93],[49,1.37,2.5,0.5]];;
oddsData 是一个字典，键是赔率类型加上下划线加上比赛ID，比如"O_2735075"表示欧赔，"L_2735075"表示亚盘，"T_2735075"表示大小球
值是一个二维数组，第一维是不同公司的赔率，第二维是一个数组，包含四个元素：
第一个元素是公司的ID
第二个元素是主胜赔率（欧赔）、主队让球赔率（亚盘）、大球赔率（大小球）
第三个元素是平局赔率（欧赔）、客队受让球赔率（亚盘）、小球赔率（大小球）
第四个元素是客胜赔率（欧赔）、平手赔率（亚盘）、无球赔率（大小球）

赛季比赛接口返回的数据格式如下：
var arrLeague = [4, '巴西甲组联赛', '巴西甲組聯賽', 'Brazil Serie A', '2025', '#996600', 'league_match/images/1ka8jt39av1h.png', 38, 38, '巴西甲', '巴西甲', 'BRA D1', '巴西甲级联赛以双循环得分制比赛，积分计算方法为每场赛事胜方得3分，负方无分，和局两队各得1分。最后以积分多寡决定。若出现积分相同则顺序以取胜场次多寡、得失球差、得球及对赛成绩等来区别排名。联赛成绩排名最后4队下季将降至乙组', '38'];
var arrTeam = [[337, '桑托斯', '山度士', 'Santos', '', 'images/337/1gv1yhgq3n2e.png', 0], [343, '米内罗竞技', '明尼路', 'Atletico Mineiro', '', 'images/343/1j9d3cawpn18.png', 0], [349, '科林蒂安', '哥連泰斯', 'Corinthians Paulista (SP)', '', 'images/349/1j9d3cawpe2k.png', 0], [354, '克鲁塞罗', '高士路', 'Cruzeiro', '', 'images/354/1grcyq30k1x.png', 0], [356, '弗拉门戈', '法林明高', 'Flamengo', '', 'images/356/1j9d3cawp41r.png', 0], [364, '格雷米奥', '甘美奧', 'Gremio (RS)', '', 'images/364/1gq1fbpxrd5.png', 0], [369, '巴西国际', '國際體育會', 'Internacional RS', '', 'images/369/1hxg39ttg32m.png', 0], [371, '尤文图德', '尤文都德', 'Juventude', '', 'images/371/1hwrwf8axx1r.png', 0], [453, '圣保罗', '聖保羅', 'Sao Paulo', '', 'images/453/1hxqrprbs1c.png', 0], [456, '瓦斯科达伽马', '華斯高', 'Vasco da Gama', '', 'images/456/1j9d3cawpjh.png', 0], [462, '维多利亚', '維多利亞', 'Vitoria BA', '', 'images/462/1gtqpvn9c82j.png', 0], [465, '帕尔梅拉斯', '彭美拉斯', 'Palmeiras', '', 'images/465/1gxsf3fvqe1p.png', 0], [467, '博塔弗戈', '保地花高', 'Botafogo RJ', '', 'images/1kb4tzgcd1j.png', 0], [469, '弗鲁米嫩塞', '富明尼斯', 'Fluminense RJ', '', 'images/469/1hxqrprbsp13.png', 0], [1979, '巴伊亚', '巴希亞', 'Bahia', '', 'images/1kb4ved5bjn.png', 0], [2001, '福塔雷萨', '科泰尼沙', 'Fortaleza', '', 'images/2001/1gqxnqd00y2y.png', 0], [2108, '塞阿拉', '施亞拉', 'Ceara', '', 'images/2108/1grmn77tvad.png', 0], [3820, '布拉干蒂诺RB', '巴拉干天奴', 'Bragantino', '', 'images/3820/1gwnk9p3w710.png', 0], [4176, '累西腓体育', '利斯菲體育會', 'Sport Club do Recife', '', 'images/4176/1gxsf3fv7a21.png', 0], [7429, '米拉索', '米拉索', 'Mirassol', '', 'images/7429/1gq1cqgyy91h.png', 0]];
jh["R_1"] = [[2733357, 4, -1, '2025-03-30 05:30', 354, 7429, '2-1', '2-1', '9', '巴圣锦标5', 1, 0.25, '2/2.5', '1', 1, 1, 1, 1, 0, 0, '', '9', 'BRA SP-5'], [2733359, 4, -1, '2025-03-30 05:30', 2001, 469, '2-0', '2-0', '4', '13', 0.25, 0, '2/2.5', '1', 1, 1, 1, 1, 0, 0, '', '4', '13'], [2733360, 4, -1, '2025-03-30 05:30', 364, 343, '2-1', '2-0', '14', '12', 0.25, 0.25, '2/2.5', '1', 1, 1, 1, 1, 0, 0, '', '14', '12'], [2733361, 4, -1, '2025-03-30 05:30', 371, 462, '2-0', '1-0', '15', '11', 0.5, 0.25, '2/2.5', '1', 1, 1, 1, 1, 0, 0, '', '15', '11'], [2733367, 4, -1, '2025-03-30 05:30', 453, 4176, '0-0', '0-0', '6', '巴伯联4', 0.75, 0.25, '2/2.5', '1', 1, 1, 1, 1, 0, 0, '', '6', 'BRA PE-4'], [2733358, 4, -1, '2025-03-30 08:00', 356, 369, '1-1', '0-1', '3', '5', 0.75, 0.25, '2.5', '1', 1, 1, 1, 1, 0, 0, '', '3', '5'], [2733362, 4, -1, '2025-03-31 03:00', 465, 467, '0-0', '0-0', '2', '1', 0.75, 0.25, '2.5', '1', 1, 1, 1, 1, 0, 0, '', '2', '1'], [2733363, 4, -1, '2025-03-31 05:30', 456, 337, '2-1', '0-1', '10', '巴圣锦标6', 0.25, 0, '2/2.5', '1', 1, 1, 1, 1, 0, 0, '', '10', 'BRA SP-6'], [2733355, 4, -1, '2025-03-31 07:00', 1979, 349, '1-1', '1-0', '8', '7', 0.25, 0.25, '2.5', '1', 1, 1, 1, 1, 1, 0, '', '8', '7'], [2733356, 4, -1, '2025-04-01 07:00', 3820, 2108, '2-2', '1-2', '16', '巴塞阿甲1', 0.25, 0, '2/2.5', '1', 1, 1, 1, 1, 0, 0, '', '16', 'BRA CE-1']];
...
var totalScore = [[0, 1, 356, 5, 38, 23, 10, 5, 78, 27, 51, '60.5', '26.3', '13.2', 2.05, 0.71, 79, 0, '', 0, 2, 0, 1, 0, 1, ''], [0, 2, 465, 5, 38, 23, 7, 8, 66, 33, 33, '60.5', '18.4', '21.1', 1.74, 0.87, 76, 0, '', 2, 1, 1, 2, 0, 0, ''], [0, 3, 354, 5, 38, 19, 13, 6, 55, 31, 24, '50.0', '34.2', '15.8', 1.45, 0.82, 70, 0, '', 1, 1, 0, 1, 1, 2, ''], [0, 4, 7429, 1, 38, 18, 13, 7, 63, 39, 24, '47.4', '34.2', '18.4', 1.66, 1.03, 67, 0, '', 0, 1, 0, 2, 0, 1, ''], [0, 5, 469, 3, 38, 19, 7, 12, 50, 39, 11, '50.0', '18.4', '31.6', 1.32, 1.03, 64, 0, '', 1, 0, 1, 0, 0, 0, ''], [1, 6, 467, 4, 38, 17, 12, 9, 58, 38, 20, '44.7', '31.6', '23.7', 1.53, 1, 63, 0, '', 1, 0, 0, 1, 1, 0, ''], [1, 7, 1979, 6, 38, 17, 9, 12, 50, 46, 4, '44.7', '23.7', '31.6', 1.32, 1.21, 60, 0, '', 1, 2, 0, 1, 0, 2, ''], [2, 8, 453, 2, 38, 14, 9, 15, 43, 47, -4, '36.8', '23.7', '39.5', 1.13, 1.24, 51, 0, '', 2, 2, 0, 2, 0, 2, ''], [2, 9, 364, 4, 38, 13, 10, 15, 47, 50, -3, '34.2', '26.3', '39.5', 1.24, 1.32, 49, 0, '', 1, 0, 2, 0, 2, 0, ''], [2, 10, 3820, 3, 38, 14, 6, 18, 45, 57, -12, '36.8', '15.8', '47.4', 1.18, 1.5, 48, 0, '', 0, 0, 2, 2, 0, 2, ''], [2, 11, 343, 8, 38, 12, 12, 14, 43, 44, -1, '31.6', '31.6', '36.8', 1.13, 1.16, 48, 0, '', 1, 2, 1, 2, 2, 0, ''], [2, 12, 337, 4, 38, 12, 11, 15, 45, 50, -5, '31.6', '28.9', '39.5', 1.18, 1.32, 47, 0, '', 0, 1, 1, 0, 0, 0, ''], [2, 13, 349, 5, 38, 12, 11, 15, 42, 47, -5, '31.6', '28.9', '39.5', 1.11, 1.24, 47, 0, '', 2, 0, 2, 1, 2, 1, ''], [-1, 14, 456, 7, 38, 13, 6, 19, 55, 60, -5, '34.2', '15.8', '50.0', 1.45, 1.58, 45, 0, '', 2, 2, 2, 0, 2, 2, ''], [-1, 15, 462, 6, 38, 11, 12, 15, 35, 52, -17, '28.9', '31.6', '39.5', 0.92, 1.37, 45, 0, '', 1, 1, 0, 0, 2, 0, ''], [-1, 16, 369, 6, 38, 11, 11, 16, 44, 57, -13, '28.9', '28.9', '42.1', 1.16, 1.5, 44, 0, '', 1, 0, 1, 2, 2, 0, ''], [3, 17, 2108, 2, 38, 11, 10, 17, 34, 40, -6, '28.9', '26.3', '44.7', 0.89, 1.05, 43, 0, '', 0, 2, 2, 1, 2, 2, ''], [3, 18, 2001, 7, 38, 11, 10, 17, 43, 58, -15, '28.9', '26.3', '44.7', 1.13, 1.53, 43, 0, '', 1, 0, 0, 0, 0, 2, ''], [3, 19, 371, 5, 38, 9, 8, 21, 35, 69, -34, '23.7', '21.1', '55.3', 0.92, 1.82, 35, 0, '', 0, 1, 2, 1, 2, 1, ''], [3, 20, 4176, 3, 38, 2, 11, 25, 28, 75, -47, '5.3', '28.9', '65.8', 0.74, 1.97, 17, 0, '', 2, 2, 2, 2, 2, 2, '']];
var homeScore = [[1, 356, 19, 14, 5, 0, 46, 8, 38, '73.7', '26.3', '0.0', 2.42, 0.42, 47], [2, 469, 19, 15, 1, 3, 31, 11, 20, '78.9', '5.3', '15.8', 1.63, 0.58, 46], [3, 1979, 19, 14, 3, 2, 33, 14, 19, '73.7', '15.8', '10.5', 1.74, 0.74, 45], [4, 7429, 19, 12, 7, 0, 42, 17, 25, '63.2', '36.8', '0.0', 2.21, 0.89, 43], [5, 354, 19, 13, 4, 2, 35, 14, 21, '68.4', '21.1', '10.5', 1.84, 0.74, 43], [6, 465, 19, 12, 5, 2, 35, 11, 24, '63.2', '26.3', '10.5', 1.84, 0.58, 41], [7, 467, 19, 11, 5, 3, 39, 24, 15, '57.9', '26.3', '15.8', 2.05, 1.26, 38], [8, 343, 19, 9, 8, 2, 30, 18, 12, '47.4', '42.1', '10.5', 1.58, 0.95, 35], [9, 453, 19, 10, 4, 5, 27, 17, 10, '52.6', '21.1', '26.3', 1.42, 0.89, 34], [10, 462, 19, 9, 6, 4, 21, 15, 6, '47.4', '31.6', '21.1', 1.11, 0.79, 33], [11, 364, 19, 9, 5, 5, 24, 17, 7, '47.4', '26.3', '26.3', 1.26, 0.89, 32], [12, 3820, 19, 9, 4, 6, 27, 24, 3, '47.4', '21.1', '31.6', 1.42, 1.26, 31], [13, 349, 19, 8, 6, 5, 27, 18, 9, '42.1', '31.6', '26.3', 1.42, 0.95, 30], [14, 369, 19, 8, 6, 5, 27, 20, 7, '42.1', '31.6', '26.3', 1.42, 1.05, 30], [15, 337, 19, 8, 6, 5, 24, 19, 5, '42.1', '31.6', '26.3', 1.26, 1, 30], [16, 456, 19, 8, 4, 7, 31, 26, 5, '42.1', '21.1', '36.8', 1.63, 1.37, 28], [17, 2001, 19, 8, 3, 8, 23, 23, 0, '42.1', '15.8', '42.1', 1.21, 1.21, 27], [18, 2108, 19, 7, 5, 7, 20, 18, 2, '36.8', '26.3', '36.8', 1.05, 0.95, 26], [19, 371, 19, 6, 5, 8, 21, 26, -5, '31.6', '26.3', '42.1', 1.11, 1.37, 23], [20, 4176, 19, 1, 7, 11, 17, 39, -22, '5.3', '36.8', '57.9', 0.89, 2.05, 10]];
var guestScore = [[1, 465, 19, 11, 2, 6, 31, 22, 9, '57.9', '10.5', '31.6', 1.63, 1.16, 35], [2, 356, 19, 9, 5, 5, 32, 19, 13, '47.4', '26.3', '26.3', 1.68, 1, 32], [3, 354, 19, 6, 9, 4, 20, 17, 3, '31.6', '47.4', '21.1', 1.05, 0.89, 27], [4, 467, 19, 6, 7, 6, 19, 14, 5, '31.6', '36.8', '31.6', 1, 0.74, 25], [5, 7429, 19, 6, 6, 7, 21, 22, -1, '31.6', '31.6', '36.8', 1.11, 1.16, 24], [6, 469, 19, 4, 6, 9, 19, 28, -9, '21.1', '31.6', '47.4', 1, 1.47, 18], [7, 2108, 19, 4, 5, 10, 14, 22, -8, '21.1', '26.3', '52.6', 0.74, 1.16, 17], [8, 456, 19, 5, 2, 12, 24, 34, -10, '26.3', '10.5', '63.2', 1.26, 1.79, 17], [9, 364, 19, 4, 5, 10, 23, 33, -10, '21.1', '26.3', '52.6', 1.21, 1.74, 17], [10, 337, 19, 4, 5, 10, 21, 31, -10, '21.1', '26.3', '52.6', 1.11, 1.63, 17], [11, 453, 19, 4, 5, 10, 16, 30, -14, '21.1', '26.3', '52.6', 0.84, 1.58, 17], [12, 349, 19, 4, 5, 10, 15, 29, -14, '21.1', '26.3', '52.6', 0.79, 1.53, 17], [13, 3820, 19, 5, 2, 12, 18, 33, -15, '26.3', '10.5', '63.2', 0.95, 1.74, 17], [14, 2001, 19, 3, 7, 9, 20, 35, -15, '15.8', '36.8', '47.4', 1.05, 1.84, 16], [15, 1979, 19, 3, 6, 10, 17, 32, -15, '15.8', '31.6', '52.6', 0.89, 1.68, 15], [16, 369, 19, 3, 5, 11, 17, 37, -20, '15.8', '26.3', '57.9', 0.89, 1.95, 14], [17, 343, 19, 3, 4, 12, 13, 26, -13, '15.8', '21.1', '63.2', 0.68, 1.37, 13], [18, 462, 19, 2, 6, 11, 14, 37, -23, '10.5', '31.6', '57.9', 0.74, 1.95, 12], [19, 371, 19, 3, 3, 13, 14, 43, -29, '15.8', '15.8', '68.4', 0.74, 2.26, 12], [20, 4176, 19, 1, 4, 14, 11, 36, -25, '5.3', '21.1', '73.7', 0.58, 1.89, 7]];


arrLeague 是赛事信息数组
arrTeam 是球队信息数组
jh 是比赛列表数组
key值是轮次，用下划线分开表示不同联赛，比如"R_1"表示第一轮比赛
totalScore 是总积分榜二维数组
homeScore 是主场积分榜二维数组
guestScore 是客场积分榜二维数组


获取比赛最近30场比赛信息地址：
https://bf.titan007.com/panlu/{matchId}cn.htm
内容如下：
 var hometeamid=55,guestteamid=57,sclass='英冠';
a[0]=[2798228,'英冠','#cc3300','25-12-06 23:00','伊普斯维奇','考文垂',68,57,3,0,1,0,0.25,0,0,2.75];
a[1]=[2798233,'英冠','#cc3300','25-12-06 23:00','普雷斯顿','雷克瑟姆',55,358,1,1,0,1,0.25,0,0,2.25];
....
a[92]=[2598216,'英冠','#cc3300','25-01-04 23:00','普雷斯顿','牛津联队',55,1201,1,1,0,1,0.5,0,0,2.25];

a 是比赛数组

按球队ID和年份获取比赛列表地址：
https://zq.titan007.com/cn/team/TeamScheByYearAjax.aspx?TeamID=107&y=2024&flesh=0.945846161982374
返回的数据格式如下：
var teamPageData = [[2596786,31,'#006633','2024/12/23 01:30',992,107,'2-5','2-2','西甲','西甲','SPA D1','莱加内斯','雷加利斯','Leganes','比利亚雷亚尔','維拉利爾','Villarreal',2,0,'','受让平手/半球|-0/-0.5','赢','大','胜',1],
[2596729,31,'#006633','2024/12/19 04:30',107,994,'1-1','1-1','西甲','西甲','SPA D1','比利亚雷亚尔','維拉利爾','Villarreal','巴列卡诺','華歷簡奴','Rayo Vallecano',1,0,'','半球/一球|0.5/1','输','小','平',1]];

按球队ID和分页获取比赛列表：
https://zq.titan007.com/cn/team/TeamScheAjax.aspx?TeamID=107&pageNo=1&flesh=0.32288027094020744
返回的数据格式同上：
var teamPageInfo = [54,1];
var teamPageData = [[2804673,31,'#006633','2026/05/25 00:00',107,109,'','','西甲','西甲','SPA D1','比利亚雷亚尔','維拉利爾','Villarreal','马德里竞技','馬德里體育會','Atletico Madrid',0,0,'','','','','',1],
[2804660,31,'#006633','2026/05/18 00:00',994,107,'','','西甲','西甲','SPA D1','巴列卡诺','華歷簡奴','Rayo Vallecano','比利亚雷亚尔','維拉利爾','Villarreal',0,0,'','','','','',1]];

其中teamPageInfo数组，第一个是总页数，第二个是当前页码